4.999999999937500389e-06,
5.089073483129620350e-06,
5.179733783403269824e-06,
5.272009169423372690e-06,
5.365928413452544499e-06,
5.461520800322523248e-06,
5.558816136565444595e-06,
5.657844759707782117e-06,
5.758637547729804597e-06,
5.861225928693672471e-06,
5.965641890542916166e-06,
6.071917991076586161e-06,
6.180087368101036890e-06,
6.290183749762593671e-06,
6.402241465064282436e-06,
6.516295454569893512e-06,
6.632381281298765868e-06,
6.750535141814638482e-06,
6.870793877512047569e-06,
6.993194986103817059e-06,
7.117776633313102449e-06,
7.244577664773880993e-06,
7.373637618143298379e-06,
7.504996735429872448e-06,
7.638695975541287650e-06,
7.774777027055746067e-06,
7.913282321220817928e-06,
8.054255045183883645e-06,
8.197739155458251743e-06,
8.343779391629163310e-06,
8.492421290304016365e-06,
8.643711199311062264e-06,
8.797696292151000730e-06,
8.954424582706181320e-06,
9.113944940211692237e-06,
9.276307104493208608e-06,
9.441561701476316521e-06,
9.609760258972103636e-06,
9.780955222743971506e-06,
9.955199972860694210e-06,
1.013254884034077502e-05,
1.031305712409332047e-05,
1.049678110816072757e-05,
1.068377807926854744e-05,
1.087410634468791604e-05,
1.106782525041636418e-05,
1.126499519968234156e-05,
1.146567767177949242e-05,
1.166993524123641547e-05,
1.187783159732795440e-05,
1.208943156393406481e-05,
1.230480111975242937e-05,
1.252400741887124145e-05,
1.274711881170838472e-05,
1.297420486632369352e-05,
1.320533639011088052e-05,
1.344058545187592817e-05,
1.368002540430863226e-05,
1.392373090685479036e-05,
1.417177794899553862e-05,
1.442424387394156872e-05,
1.468120740274938921e-05,
1.494274865886724760e-05,
1.520894919311830617e-05,
1.547989200912889632e-05,
1.575566158920975424e-05,
1.603634392069835766e-05,
1.632202652277052896e-05,
1.661279847372954468e-05,
1.690875043878173158e-05,
1.720997469830650299e-05,
1.751656517663024082e-05,
1.782861747131267313e-05,
1.814622888295506814e-05,
1.846949844553934835e-05,
1.879852695730777445e-05,
1.913341701219269908e-05,
1.947427303180624677e-05,
1.982120129799984362e-05,
2.017430998600386980e-05,
2.053370919815755843e-05,
2.089951099823997613e-05,
2.127182944641223619e-05,
2.165078063478274498e-05,
2.203648272360552433e-05,
2.242905597812365102e-05,
2.282862280606898426e-05,
2.323530779582999543e-05,
2.364923775529942989e-05,
2.407054175141417086e-05,
2.449935115039937397e-05,
2.493579965872965578e-05,
2.538002336481975059e-05,
2.583216078145831991e-05,
2.629235288899721721e-05,
2.676074317931046161e-05,
2.723747770053625963e-05,
2.772270510261601044e-05,
2.821657668364468396e-05,
2.871924643704685281e-05,
2.923087109959318080e-05,
2.975161020027228259e-05,
3.028162611003324176e-05,
3.082108409241428115e-05,
3.137015235507334036e-05,
3.192900210223677260e-05,
3.249780758808196987e-05,
3.307674617107176181e-05,
3.366599836925603134e-05,
3.426574791655886997e-05,
3.487618182006835602e-05,
3.549749041834705478e-05,
3.612986744078115065e-05,
3.677351006798692016e-05,
3.742861899329343170e-05,
3.809539848532035025e-05,
3.877405645167080351e-05,
3.946480450375841153e-05,
4.016785802278997425e-05,
4.088343622692299368e-05,
4.161176223961968103e-05,
4.235306315921892259e-05,
4.310757012974741420e-05,
4.387551841299234628e-05,
4.465714746185809589e-05,
4.545270099502961959e-05,
4.626242707296615564e-05,
4.708657817524844415e-05,
4.792541127930412400e-05,
4.877918794053560638e-05,
4.964817437387483278e-05,
5.053264153679196856e-05,
5.143286521378193852e-05,
5.234912610235640433e-05,
5.328170990056769931e-05,
5.423090739609189335e-05,
5.519701455689891297e-05,
5.618033262353786515e-05,
5.718116820306635040e-05,
5.819983336465336395e-05,
5.923664573688475340e-05,
6.029192860680290524e-05,
6.136601102071028596e-05,
6.245922788676866596e-05,
6.357192007942663353e-05,
6.470443454570700347e-05,
6.585712441338787966e-05,
6.703034910111083957e-05,
6.822447443045086062e-05,
6.943987273998241186e-05,
7.067692300137792317e-05,
7.193601093757431603e-05,
7.321752914304463468e-05,
7.452187720621239963e-05,
7.584946183404675253e-05,
7.720069697887678667e-05,
7.857600396746573432e-05,
7.997581163238416408e-05,
8.140055644572336089e-05,
8.285068265519130804e-05,
8.432664242263251161e-05,
8.582889596501624150e-05,
8.735791169793581180e-05,
8.891416638166447768e-05,
9.049814526981362077e-05,
9.211034226063820384e-05,
9.375126005103920552e-05,
9.542141029330825986e-05,
9.712131375466491598e-05,
9.885150047963670299e-05,
1.006125099553311958e-04,
1.024048912796524487e-04,
1.042292033325145027e-04,
1.060860149501045635e-04,
1.079759051022511181e-04,
1.098994630729511590e-04,
1.118572886441142219e-04,
1.138499922825788046e-04,
1.158781953304613909e-04,
1.179425301988959668e-04,
1.200436405652246315e-04,
1.221821815737019325e-04,
1.243588200397739642e-04,
1.265742346579968214e-04,
1.288291162136591752e-04,
1.311241677981745660e-04,
1.334601050283113377e-04,
1.358376562693273276e-04,
1.382575628620803505e-04,
1.407205793541835997e-04,
1.432274737352806887e-04,
1.457790276765101871e-04,
1.483760367742367628e-04,
1.510193107981251768e-04,
1.537096739436323480e-04,
1.564479650889979360e-04,
1.592350380568134812e-04,
1.620717618802509322e-04,
1.649590210740336084e-04,
1.678977159102352775e-04,
1.708887626989917259e-04,
1.739330940742127784e-04,
1.770316592843857307e-04,
1.801854244885579077e-04,
1.833953730575915611e-04,
1.866625058807876820e-04,
1.899878416779700189e-04,
1.933724173171296693e-04,
1.968172881377282051e-04,
2.003235282797605665e-04,
2.038922310186795336e-04,
2.075245091062871304e-04,
2.112214951176989719e-04,
2.149843418044884540e-04,
2.188142224541241953e-04,
2.227123312558087988e-04,
2.266798836728351038e-04,
2.307181168215765373e-04,
2.348282898572290616e-04,
2.390116843664235767e-04,
2.432696047668335675e-04,
2.476033787139021378e-04,
2.520143575148123000e-04,
2.565039165498352080e-04,
2.610734557011816634e-04,
2.657243997894940504e-04,
2.704581990181159027e-04,
2.752763294252733809e-04,
2.801802933443138912e-04,
2.851716198721413256e-04,
2.902518653459998225e-04,
2.954226138287473712e-04,
3.006854776027769599e-04,
3.060420976727346140e-04,
3.114941442771944628e-04,
3.170433174094479888e-04,
3.226913473475716081e-04,
3.284399951939365680e-04,
3.342910534243286698e-04,
3.402463464468531338e-04,
3.463077311707931445e-04,
3.524770975856021085e-04,
3.587563693502132884e-04,
3.651475043928437006e-04,
3.716524955214854826e-04,
3.782733710452714816e-04,
3.850121954069104938e-04,
3.918710698263885026e-04,
3.988521329561368726e-04,
4.059575615478725223e-04,
4.131895711313138503e-04,
4.205504167049937568e-04,
4.280423934393728837e-04,
4.356678373924789682e-04,
4.434291262382981480e-04,
4.513286800081379871e-04,
4.593689618451989032e-04,
4.675524787725863400e-04,
4.758817824750052471e-04,
4.843594700943785331e-04,
4.929881850396389698e-04,
5.017706178109472732e-04,
5.107095068385895768e-04,
5.198076393368232344e-04,
5.290678521729288292e-04,
5.384930327517448070e-04,
5.480861199159591446e-04,
5.578501048624355009e-04,
5.677880320748675616e-04,
5.779030002730422763e-04,
5.881981633790143733e-04,
5.986767315004914991e-04,
6.093419719317389816e-04,
6.201972101723067076e-04,
6.312458309639132435e-04,
6.424912793457917496e-04,
6.539370617288368286e-04,
6.655867469888886254e-04,
6.774439675794854043e-04,
6.895124206644415209e-04,
7.017958692706012047e-04,
7.142981434611209504e-04,
7.270231415296551101e-04,
7.399748312158109303e-04,
7.531572509422559741e-04,
7.665745110738572893e-04,
7.802307951992552143e-04,
7.941303614352576874e-04,
8.082775437544750807e-04,
8.226767533365968209e-04,
8.373324799437427196e-04,
8.522492933203056715e-04,
8.674318446177347978e-04,
8.828848678446914134e-04,
8.986131813430356776e-04,
9.146216892901025452e-04,
9.309153832277376707e-04,
9.474993436185605560e-04,
9.643787414299560606e-04,
9.815588397462707802e-04,
9.990449954097252797e-04,
1.016842660690554356e-03,
1.034957384986892603e-03,
1.053394816554929607e-03,
1.072160704269893225e-03,
1.091260899418379548e-03,
1.110701357522617377e-03,
1.130488140197212802e-03,
1.150627417038969534e-03,
1.171125467550355060e-03,
1.191988683097236924e-03,
1.213223568901469155e-03,
1.234836746068972667e-03,
1.256834953653931941e-03,
1.279225050759750940e-03,
1.302014018677413341e-03,
1.325208963061945758e-03,
1.348817116147611479e-03,
1.372845839002570035e-03,
1.397302623823674797e-03,
1.422195096272138928e-03,
1.447531017850790672e-03,
1.473318288323651132e-03,
1.499564948178611036e-03,
1.526279181133937670e-03,
1.553469316689425148e-03,
1.581143832722959513e-03,
1.609311358133319429e-03,
1.637980675530019761e-03,
1.667160723971063433e-03,
1.696860601749416260e-03,
1.727089569229095945e-03,
1.757857051731752818e-03,
1.789172642474637625e-03,
1.821046105560859959e-03,
1.853487379022895551e-03,
1.886506577920255738e-03,
1.920113997492296646e-03,
1.954320116367156638e-03,
1.989135599827801092e-03,
2.024571303136196883e-03,
2.060638274916663272e-03,
2.097347760599427031e-03,
2.134711205925459918e-03,
2.172740260513694645e-03,
2.211446781491725657e-03,
2.250842837191095389e-03,
2.290940710908366887e-03,
2.331752904733095603e-03,
2.373292143443913368e-03,
2.415571378473938425e-03,
2.458603791946730593e-03,
2.502402800784031892e-03,
2.546982060886613178e-03,
2.592355471389459765e-03,
2.638537178992656027e-03,
2.685541582369308650e-03,
2.733383336651850747e-03,
2.782077357998141535e-03,
2.831638828238770573e-03,
2.882083199606983847e-03,
2.933426199552731373e-03,
2.985683835642288265e-03,
3.038872400545004470e-03,
3.093008477108666332e-03,
3.148108943525135782e-03,
3.204190978587748151e-03,
3.261272067042178188e-03,
3.319370005032391477e-03,
3.378502905643375638e-03,
3.438689204542332272e-03,
3.499947665720130711e-03,
3.562297387334733157e-03,
3.625757807658406152e-03,
3.690348711130592325e-03,
3.756090234518256066e-03,
3.823002873185602640e-03,
3.891107487475168290e-03,
3.960425309202142245e-03,
4.030977948263987989e-03,
4.102787399367386484e-03,
4.175876048874531399e-03,
4.250266681770909633e-03,
4.325982488756725114e-03,
4.403047073464071842e-03,
4.481484459802128652e-03,
4.561319099432605689e-03,
4.642575879377728101e-03,
4.725280129763073655e-03,
4.809457631697645202e-03,
4.895134625293610063e-03,
4.982337817828065563e-03,
5.071094392049439736e-03,
5.161432014630943678e-03,
5.253378844773747003e-03,
5.346963542962384838e-03,
5.442215279875201386e-03,
5.539163745452386177e-03,
5.637839158124428873e-03,
5.738272274203807220e-03,
5.840494397442699305e-03,
5.944537388759621455e-03,
6.050433676137973761e-03,
6.158216264699411906e-03,
6.267918746955128753e-03,
6.379575313238105769e-03,
6.493220762319489719e-03,
6.608890512212219764e-03,
6.726620611165281573e-03,
6.846447748851677145e-03,
6.968409267753655247e-03,
7.092543174748423829e-03,
7.218888152897943132e-03,
7.347483573446172631e-03,
7.478369508027452907e-03,
7.611586741089550016e-03,
7.747176782535058169e-03,
7.885181880584920741e-03,
8.025645034867818356e-03,
8.168610009739273384e-03,
8.314121347834449449e-03,
8.462224383858464941e-03,
8.612965258618394265e-03,
8.766390933300931970e-03,
8.922549203999948983e-03,
9.081488716498043595e-03,
9.243258981306517671e-03,
9.407910388967906726e-03,
9.575494225625620984e-03,
9.746062688865063731e-03,
9.919668903830792736e-03,
1.009636693962423330e-02,
1.027621182598671863e-02,
1.045925957027243197e-02,
1.064556717471606961e-02,
1.083519265400009410e-02,
1.102819505312645394e-02,
1.122463446559765141e-02,
1.142457205191239715e-02,
1.162807005838068647e-02,
1.183519183626358280e-02,
1.204600186124297513e-02,
1.226056575322643886e-02,
1.247895029649260905e-02,
1.270122346018257020e-02,
1.292745441914251725e-02,
1.315771357512334622e-02,
1.339207257834270151e-02,
1.363060434941514368e-02,
1.387338310165604771e-02,
1.412048436376512825e-02,
1.437198500289519655e-02,
1.462796324811210455e-02,
1.488849871425177059e-02,
1.515367242618019354e-02,
1.542356684346250263e-02,
1.569826588544686805e-02,
1.597785495676970480e-02,
1.626242097328794295e-02,
1.655205238844457624e-02,
1.684683922007380527e-02,
1.714687307765178775e-02,
1.745224718999921834e-02,
1.776305643344222931e-02,
1.807939736043742002e-02,
1.840136822866760002e-02,
1.872906903061442169e-02,
1.906260152361408458e-02,
1.940206926040228055e-02,
1.974757762015496437e-02,
2.009923384003061905e-02,
2.045714704722060434e-02,
2.082142829151348642e-02,
2.119219057837953835e-02,
2.156954890258128144e-02,
2.195362028231634746e-02,
2.234452379389804261e-02,
2.274238060697983399e-02,
2.314731402032916760e-02,
2.355944949815635611e-02,
2.397891470700376504e-02,
2.440583955320087955e-02,
2.484035622089014392e-02,
2.528259921062856949e-02,
2.573270537856999982e-02,
2.619081397623250831e-02,
2.665706669085515443e-02,
2.713160768634851824e-02,
2.761458364484236858e-02,
2.810614380883428437e-02,
2.860644002394236579e-02,
2.911562678226478976e-02,
2.963386126634870443e-02,
3.016130339377074560e-02,
3.069811586233040998e-02,
3.124446419585782259e-02,
3.180051679063637671e-02,
3.236644496244039937e-02,
3.294242299418736336e-02,
3.352862818420396240e-02,
3.412524089510358266e-02,
3.473244460327343935e-02,
3.535042594896790208e-02,
3.597937478700407449e-02,
3.661948423805472252e-02,
3.727095074053300705e-02,
3.793397410306208889e-02,
3.860875755752195965e-02,
3.929550781266460263e-02,
3.999443510828754739e-02,
4.070575326995435478e-02,
4.142967976424977161e-02,
4.216643575455529536e-02,
4.291624615732967524e-02,
4.367933969887745349e-02,
4.445594897258682565e-02,
4.524631049661610727e-02,
4.605066477200656094e-02,
4.686925634119751272e-02,
4.770233384691675849e-02,
4.855015009141785270e-02,
4.941296209603329714e-02,
5.029103116101014265e-02,
5.118462292559133875e-02,
5.209400742830487541e-02,
5.301945916741773734e-02,
5.396125716151042861e-02,
5.491968501012373105e-02,
5.589503095442571734e-02,
5.688758793784393086e-02,
5.789765366660377943e-02,
5.892553067010931206e-02,
5.997152636109928658e-02,
6.103595309550737674e-02,
6.211912823194808836e-02,
6.322137419074823350e-02,
6.434301851243656722e-02,
6.548439391559923717e-02,
6.664583835400275658e-02,
6.782769507288059774e-02,
6.903031266427241130e-02,
7.025404512129881929e-02,
7.149925189124710367e-02,
7.276629792733649293e-02,
7.405555373902218685e-02,
7.536739544069297192e-02,
7.670220479860313800e-02,
7.806036927587559071e-02,
7.944228207540098008e-02,
8.084834218044822940e-02,
8.227895439279232781e-02,
8.373452936815346803e-02,
8.521548364873147985e-02,
8.672223969260636767e-02,
8.825522589976529664e-02,
8.981487663450213321e-02,
9.140163224392154617e-02,
9.301593907227020952e-02,
9.465824947079558294e-02,
9.632902180282514049e-02,
9.802872044373804605e-02,
9.975781577548807622e-02,
1.015167841753167044e-01,
1.033061079982804109e-01,
1.051262755531959803e-01,
1.069777810715886318e-01,
1.088611246692100659e-01,
1.107768122996698051e-01,
1.127253556997040440e-01,
1.147072723255873200e-01,
1.167230852801614260e-01,
1.187733232299423569e-01,
1.208585203117360923e-01,
1.229792160281713287e-01,
1.251359551315324170e-01,
1.273292874952487441e-01,
1.295597679723718143e-01,
1.318279562403428806e-01,
1.341344166313270525e-01,
1.364797179473621613e-01,
1.388644332595412034e-01,
1.412891396904178976e-01,
1.437544181788002751e-01,
1.462608532260594452e-01,
1.488090326230590843e-01,
1.513995471567784468e-01,
1.540329902956719121e-01,
1.567099578527797743e-01,
1.594310476255770825e-01,
1.621968590115176190e-01,
1.650079925982034235e-01,
1.678650497270850750e-01,
1.707686320295718485e-01,
1.737193409344032213e-01,
1.767177771451236556e-01,
1.797645400864640308e-01,
1.828602273184320448e-01,
1.860054339168905613e-01,
1.892007518193921933e-01,
1.924467691350314202e-01,
1.957440694170696771e-01,
1.990932308970896625e-01,
2.024948256794391610e-01,
2.059494188947358917e-01,
2.094575678112201300e-01,
2.130198209027629741e-01,
2.166367168723763725e-01,
2.203087836300955116e-01,
2.240365372241634179e-01,
2.278204807244977870e-01,
2.316611030574869390e-01,
2.355588777912414056e-01,
2.395142618705135562e-01,
2.435276943006045858e-01,
2.475995947796898466e-01,
2.517303622791255968e-01,
2.559203735714492001e-01,
2.601699817059396347e-01,
2.644795144317994562e-01,
2.688492725691997709e-01,
2.732795283286640897e-01,
2.777705235794964977e-01,
2.823224680682213661e-01,
2.869355375882846615e-01,
2.916098721025699447e-01,
2.963455738206086654e-01,
3.011427052327219078e-01,
3.060012871036982274e-01,
3.109212964290234971e-01,
3.159026643570921888e-01,
3.209452740812985261e-01,
3.260489587063584715e-01,
3.312134990937315449e-01,
3.364386216915271621e-01,
3.417239963548230341e-01,
3.470692341628905386e-01,
3.524738852404072920e-01,
3.579374365903355559e-01,
3.634593099467606780e-01,
3.690388596566081536e-01,
3.746753705997916684e-01,
3.803680561579796393e-01,
3.861160562427941034e-01,
3.919184353949012878e-01,
3.977741809660380046e-01,
4.036822013966379630e-01,
4.096413246022753141e-01,
4.156502964826794821e-01,
4.217077795675677199e-01,
4.278123518139814729e-01,
4.339625055701907264e-01,
4.401566467215417000e-01,
4.463930940338571851e-01,
4.526700787101303747e-01,
4.589857441762974499e-01,
4.653381461118090145e-01,
4.717252527405050300e-01,
4.781449453969945362e-01,
4.845950193832578856e-01,
4.910731851295725980e-01,
4.975770696730836273e-01,
5.041042184663837578e-01,
5.106520975273517449e-01,
5.172180959401864175e-01,
5.237995287160854829e-01,
5.303936400203492774e-01,
5.369976067708215339e-01,
5.436085426105526919e-01,
5.502235022553336741e-01,
5.568394862143816182e-01,
5.634534458798990952e-01,
5.700622889785496028e-01,
5.766628853750703776e-01,
5.832520732153241294e-01,
5.898266653930849257e-01,
5.963834563217885743e-01,
6.029192289893871015e-01,
6.094307622713620587e-01,
6.159148384738896143e-01,
6.223682510761995301e-01,
6.287878126382769883e-01,
6.351703628373717159e-01,
6.415127765942431060e-01,
6.478119722477992948e-01,
6.540649197347526700e-01,
6.602686487292338535e-01,
6.664202566959238627e-01,
6.725169168092984817e-01,
6.785558856910015590e-01,
6.845345109172302767e-01,
6.904502382483267420e-01,
6.963006185335794962e-01,
7.020833142454839804e-01,
7.077961055994892448e-01,
7.134368962174791884e-01,
7.190037182959490014e-01,
7.244947372429906274e-01,
7.299082557517764247e-01,
7.352427172822283419e-01,
7.404967089268614799e-01,
7.456689636414642885e-01,
7.507583618261628455e-01,
7.557639322475315780e-01,
7.606848522976821236e-01,
7.655204475915744489e-01,
7.702701909091846932e-01,
7.749337004944605312e-01,
7.795107377282001204e-01,
7.840012041970206846e-01,
7.884051381853707241e-01,
7.927227106220328112e-01,
7.969542205167010618e-01,
8.011000899259583807e-01,
8.051608584912836042e-01,
8.091371775945176426e-01,
8.130298041785337659e-01,
8.168395942826280898e-01,
8.205674963433672309e-01,
8.242145443122995685e-01,
8.277818506420803191e-01,
8.312705991921062187e-01,
8.346820381038569936e-01,
8.380174726946593156e-01,
8.412782584167172173e-01,
8.444657939258867207e-01,
8.475815143019646003e-01,
8.506268844591783340e-01,
8.536033927822074263e-01,
8.565125450194668311e-01,
8.593558584615826890e-01,
8.621348564290784999e-01,
8.648510630892973783e-01,
8.675059986185416072e-01,
8.701011747214560943e-01,
8.726380905157263834e-01,
8.751182287864043285e-01,
8.775430526105398865e-01,
8.799140023493645657e-01,
8.822324930021165912e-01,
8.844999119126584208e-01,
8.867176168174146778e-01,
8.888869342208560731e-01,
8.910091580826892121e-01,
8.930855487993257791e-01,
8.951173324607336612e-01,
8.971057003628416515e-01,
8.990518087548481363e-01,
9.009567788004478883e-01,
9.028216967317660435e-01,
9.046476141749705269e-01,
9.064355486268638185e-01,
9.081864840623284918e-01,
9.099013716532925455e-01,
9.115811305807771658e-01,
9.132266489226578132e-01,
9.148387846009700120e-01,
9.164183663737804908e-01,
9.179661948579913577e-01,
9.194830435707531668e-01,
9.209696599785055504e-01,
9.224267665439519481e-01,
9.238550617626284378e-01,
9.252552211818739769e-01,
9.266278983962565885e-01,
9.279737260145697331e-01,
9.292933165945420626e-01,
9.305872635423279027e-01,
9.318561419747074526e-01,
9.331005095426229135e-01,
9.343209072153985106e-01,
9.355178600254907550e-01,
9.366918777741404245e-01,
9.378434556986771087e-01,
9.389730751025389122e-01,
9.400812039493455785e-01,
9.411682974225306086e-01,
9.422347984521854958e-01,
9.432811382108483578e-01,
9.443077365800078837e-01,
9.453150025891225994e-01,
9.463033348289026092e-01,
9.472731218405848752e-01,
9.482247424828652571e-01,
9.491585662780578359e-01,
9.500749537389955313e-01,
9.509742566780695627e-01,
9.518568184997404646e-01,
9.527229744777238052e-01,
9.535730520179934722e-01,
9.544073709086492441e-01,
9.552262435575930022e-01,
9.560299752188877731e-01,
9.568188642086207230e-01,
9.575932021109793135e-01,
9.583532739752123053e-01,
9.590993585040917813e-01,
9.598317282344189794e-01,
9.605506497100942953e-01,
9.612563836481891055e-01,
9.619491850984731585e-01,
9.626293035967569134e-01,
9.632969833124166437e-01,
9.639524631904295981e-01,
9.645959770882162054e-01,
9.652277539075575508e-01,
9.658480177218685681e-01,
9.664569878990330043e-01,
9.670548792200500676e-01,
9.676419019936695065e-01,
9.682182621672370537e-01,
9.687841614338974505e-01,
9.693397973363399034e-01,
9.698853633672477326e-01,
9.704210490665723388e-01,
9.709470401158019071e-01,
9.714635184293239911e-01,
9.719706622430280829e-01,
9.724686462002464227e-01,
9.729576414351482905e-01,
9.734378156536921400e-01,
9.739093332122261693e-01,
9.743723551938332506e-01,
9.748270394825037100e-01,
9.752735408352279922e-01,
9.757120109520706075e-01,
9.761425985443129560e-01,
9.765654494007380837e-01,
9.769807064521058848e-01,
9.773885098339020194e-01,
9.777889969474187204e-01,
9.781823025192135646e-01,
9.785685586590093799e-01,
9.789478949160993482e-01,
9.793204383342806185e-01,
9.796863135053954785e-01,
9.800456426215031769e-01,
9.803985455257360204e-01,
9.807451397618915934e-01,
9.810855406227694253e-01,
9.814198611973390385e-01,
9.817482124167342672e-01,
9.820707030991240316e-01,
9.823874399935141888e-01,
9.826985278224689146e-01,
9.830040693238352167e-01,
9.833041652914565889e-01,
9.835989146149313189e-01,
9.838884143184397635e-01,
9.841727595986557997e-01,
9.844520438617794245e-01,
9.847263587597222534e-01,
9.849957942254436993e-01,
9.852604385074937854e-01,
9.855203782037637028e-01,
9.857756982944702040e-01,
9.860264821743998098e-01,
9.862728116844247106e-01,
9.865147671423243336e-01,
9.867524273729118001e-01,
9.869858697374979117e-01,
9.872151701627116527e-01,
9.874404031686756511e-01,
9.876616418965776800e-01,
9.878789581356388627e-01,
9.880924223494969016e-01,
9.883021037020205402e-01,
9.885080700825696898e-01,
9.887103881307121034e-01,
9.889091232604189097e-01,
9.891043396837406743e-01,
9.892961004339835274e-01,
9.894844673883940178e-01,
9.896695012903746758e-01,
9.898512617712256212e-01,
9.900298073714368652e-01,
9.902051955615328582e-01,
9.903774827624927113e-01,
9.905467243657380960e-01,
9.907129747527176900e-01,
9.908762873140825045e-01,
9.910367144684711915e-01,
9.911943076809125452e-01,
9.913491174808500839e-01,
9.915011934798044768e-01,
9.916505843886705973e-01,
9.917973380346712942e-01,
9.919415013779725454e-01,
9.920831205279537768e-01,
9.922222407591626547e-01,
9.923589065269360354e-01,
9.924931614827358084e-01,
9.926250484891484538e-01,
9.927546096346036020e-01,
9.928818862478054896e-01,
9.930069189118650996e-01,
9.931297474781596302e-01,
9.932504110799249553e-01,
9.933689481455689751e-01,
9.934853964117417169e-01,
9.935997929361237713e-01,
9.937121741099975702e-01,
9.938225756705422187e-01,
9.939310327129114997e-01,
9.940375797020633009e-01,
9.941422504843744345e-01,
9.942450782990170932e-01,
9.943460957891204766e-01,
9.944453350127212543e-01,
9.945428274534995339e-01,
9.946386040313045518e-01,
9.947326951124928485e-01,
9.948251305200503936e-01,
9.949159395435362985e-01,
9.950051509488250234e-01,
9.950927929876726141e-01,
9.951788934070984194e-01,
9.952634794585830669e-01,
9.953465779070965747e-01,
9.954282150399631490e-01,
9.955084166755371333e-01,
9.955872081717408451e-01,
9.956646144344210025e-01,
9.957406599255608226e-01,
9.958153686713319130e-01,
9.958887642699904008e-01,
9.959608698996380571e-01,
9.960317083258254378e-01,
9.961013019090214637e-01,
9.961696726119330103e-01,
9.962368420067028163e-01,
9.963028312819566246e-01,
9.963676612497367469e-01,
9.964313523522853044e-01,
9.964939246687246621e-01,
9.965553979215917568e-01,
9.966157914832758369e-01,
9.966751243823066542e-01,
9.967334153095533944e-01,
9.967906826242974860e-01,
9.968469443601923885e-01,
9.969022182311125801e-01,
9.969565216368995175e-01,
9.970098716690013463e-01,
9.970622851160045874e-01,
9.971137784690687900e-01,
9.971643679272514937e-01,
9.972140694027569197e-01,
9.972628985260630907e-01,
9.973108706509660193e-01,
9.973580008595434032e-01,
9.974043039670025257e-01,
9.974497945264640952e-01,
9.974944868336373949e-01,
9.975383949314329257e-01,
9.975815326144673589e-01,
9.976239134335012082e-01,
9.976655506997953449e-01,
9.977064574893812487e-01,
9.977466466472584283e-01,
9.977861307915153466e-01,
9.978249223173690785e-01,
9.978630334011443503e-01,
9.979004760041731981e-01,
9.979372618766171321e-01,
9.979734025612336801e-01,
9.980089093970624381e-01,
9.980437935230547231e-01,
9.980780658816288398e-01,
9.981117372221711692e-01,
9.981448181044568768e-01,
9.981773189020366477e-01,
9.982092498055261665e-01,
9.982406208258681746e-01,
9.982714417975231402e-01,
9.983017223816025298e-01,
9.983314720689361321e-01,
9.983607001831009686e-01,
9.983894158833960253e-01,
9.984176281677408227e-01,
9.984453458755513378e-01,
9.984725776905344352e-01,
9.984993321434688651e-01,
9.985256176148915586e-01,
9.985514423377785942e-01,
9.985768144001503366e-01,
9.986017417476371616e-01,
9.986262321860052138e-01,
9.986502933836262086e-01,
9.986739328739184796e-01,
9.986971580577260754e-01,
9.987199762056692132e-01,
9.987423944604444381e-01,
9.987644198390880357e-01,
9.987860592352030276e-01,
9.988073194211307682e-01,
9.988282070501041110e-01,
9.988487286583453972e-01,
9.988688906671417955e-01,
9.988886993848635765e-01,
9.989081610089751706e-01,
9.989272816279773926e-01,
9.989460672233406724e-01,
9.989645236713944332e-01,
9.989826567451813855e-01,
9.990004721162774048e-01,
9.990179753565888721e-01,
9.990351719401046049e-01,
9.990520672446296935e-01,
9.990686665534782573e-01,
9.990849750571365595e-01,
9.991009978549075798e-01,
9.991167399565159535e-01,
9.991322062836847095e-01,
9.991474016716898054e-01,
9.991623308708778017e-01,
9.991769985481753213e-01,
9.991914092885453291e-01,
9.992055675964345296e-01,
9.992194778972045555e-01,
9.992331445385035371e-01,
9.992465717916496626e-01,
9.992597638529735482e-01,
9.992727248451361843e-01,
9.992854588184282294e-01,
