0.000000000000000000e+00,
-4.922762580681867218e+10,
-3.444548684052907562e+10,
-3.672245829556401062e+10,
-3.452605381289147949e+10,
-3.357292766467126465e+10,
-3.234292322294504929e+10,
-3.123791667505985260e+10,
-3.014939119304744720e+10,
-2.910444307674044037e+10,
-2.809421205026794815e+10,
-2.711944498756566620e+10,
-2.617839301944964600e+10,
-2.527002389754904938e+10,
-2.439316699169244385e+10,
-2.354673855213982010e+10,
-2.272968015312893677e+10,
-2.194097335274310684e+10,
-2.117963418827839279e+10,
-2.044471306347133636e+10,
-1.973529327788995361e+10,
-1.905048995016528702e+10,
-1.838944890529635620e+10,
-1.775134560324337006e+10,
-1.713538411996276855e+10,
-1.654079614511838341e+10,
-1.596684003117987823e+10,
-1.541279986496847153e+10,
-1.487798457277524185e+10,
-1.436172706487411499e+10,
-1.386338339452036285e+10,
-1.338233196386763191e+10,
-1.291797274030238724e+10,
-1.246972651569069862e+10,
-1.203703417635375977e+10,
-1.161935601324231339e+10,
-1.121617104138272095e+10,
-1.082697635688492203e+10,
-1.045128650345704460e+10,
-1.008863287257994080e+10,
-9.738563113419893265e+09,
-9.400640574267017365e+09,
-9.074443752223911285e+09,
-8.759565772969753265e+09,
-8.455613877890959740e+09,
-8.162208939330803871e+09,
-7.878984982905764580e+09,
-7.605588735328365326e+09,
-7.341679180014018059e+09,
-7.086927134548570633e+09,
-6.841014838721358299e+09,
-6.603635557860606194e+09,
-6.374493201889031410e+09,
-6.153301953478974342e+09,
-5.939785914586660385e+09,
-5.733678759103203773e+09,
-5.534723403690392494e+09,
-5.342671684391267776e+09,
-5.157284049621666908e+09,
-4.978329258850093842e+09,
-4.805584096706232071e+09,
-4.638833092041683197e+09,
-4.477868251644652367e+09,
-4.322488798350064278e+09,
-4.172500922997689247e+09,
-4.027717540407780170e+09,
-3.887958058193500042e+09,
-3.753048149351134777e+09,
-3.622819537053819656e+09,
-3.497109782433961868e+09,
-3.375762084251792908e+09,
-3.258625081231606483e+09,
-3.145552664900519371e+09,
-3.036403796475720406e+09,
-2.931042330852598667e+09,
-2.829336847677773952e+09,
-2.731160486104707241e+09,
-2.636390787973021984e+09,
-2.544909543727129936e+09,
-2.456602646171980381e+09,
-2.371359947061495781e+09,
-2.289075120700402737e+09,
-2.209645530374752522e+09,
-2.132972101283827305e+09,
-2.058959195953721523e+09,
-1.987514495999512911e+09,
-1.918548885939468622e+09,
-1.851976342976966858e+09,
-1.787713828911834717e+09,
-1.725681187129326344e+09,
-1.665801042370226622e+09,
-1.607998704206372976e+09,
-1.552202073877950430e+09,
-1.498341554605358601e+09,
-1.446349964321506977e+09,
-1.396162452331865072e+09,
-1.347716418188073397e+09,
-1.300951433495173693e+09,
-1.255809166958144188e+09,
-1.212233311028354645e+09,
-1.170169512318389177e+09,
-1.129565303154094219e+09,
-1.090370036775403261e+09,
-1.052534823521157622e+09,
-1.016012470489566088e+09,
-9.807574220207437277e+08,
-9.467257035368149281e+08,
-9.138748660438927412e+08,
-8.821639337849171162e+08,
-8.515533525739653111e+08,
-8.220049409870456457e+08,
-7.934818422519894838e+08,
-7.659484786363537312e+08,
-7.393705069414149523e+08,
-7.137147755319806337e+08,
-6.889492832839918137e+08,
-6.650431393652974367e+08,
-6.419665248815898895e+08,
-6.196906556540446281e+08,
-5.981877462927434444e+08,
-5.774309754920388460e+08,
-5.573944527361929417e+08,
-5.380531857586117983e+08,
-5.193830496616246104e+08,
-5.013607565101259947e+08,
-4.839638266072324514e+08,
-4.671705601284022927e+08,
-4.509600103722511530e+08,
-4.353119573422196507e+08,
-4.202068827787430286e+08,
-4.056259455890170336e+08,
-3.915509585630648136e+08,
-3.779643654648399949e+08,
-3.648492193577536345e+08,
-3.521891612620511651e+08,
-3.399683999030411839e+08,
-3.281716919486084580e+08,
-3.167843229551716447e+08,
-3.057920891364960074e+08,
-2.951812795000642538e+08,
-2.849386588522472382e+08,
-2.750514512606676817e+08,
-2.655073240816931427e+08,
-2.562943726208817065e+08,
-2.474011052909897864e+08,
-2.388164292079191804e+08,
-2.305296364621151984e+08,
-2.225303906460952163e+08,
-2.148087140717424452e+08,
-2.073549752221970260e+08,
-2.001598768329206109e+08,
-1.932144442174409032e+08,
-1.865100141177729070e+08,
-1.800382238844872415e+08,
-1.737910010612488687e+08,
-1.677605532622261643e+08,
-1.619393585478751063e+08,
-1.563201559324967563e+08,
-1.508959364195610583e+08,
-1.456599342071030736e+08,
-1.406056182541185021e+08,
-1.357266841660780907e+08,
-1.310170462757574916e+08,
-1.264708301204383671e+08,
-1.220823650461310148e+08,
-1.178461771861618757e+08,
-1.137569826116655469e+08,
-1.098096807356536090e+08,
-1.059993479621706903e+08,
-1.023212315507113934e+08,
-9.877074365605901182e+07,
-9.534345565694713593e+07,
-9.203509257314398885e+07,
-8.884152779252822697e+07,
-8.575877786844372749e+07,
-8.278299759419837594e+07,
-7.991047518833968043e+07,
-7.713762765331667662e+07,
-7.446099633366289735e+07,
-7.187724258535836637e+07,
-6.938314360196934640e+07,
-6.697558842004799843e+07,
-6.465157402052025497e+07,
-6.240820158066333830e+07,
-6.024267287781418860e+07,
-5.815228677242691815e+07,
-5.613443586573745310e+07,
-5.418660322255124897e+07,
-5.230635925269370526e+07,
-5.049135866868162155e+07,
-4.873933755893100798e+07,
-4.704811057518248260e+07,
-4.541556819605547935e+07,
-4.383967409648590535e+07,
-4.231846261829360574e+07,
-4.085003630107347667e+07,
-3.943256353522043675e+07,
-3.806427625704857707e+07,
-3.674346776118911058e+07,
-3.546849056125863642e+07,
-3.423775433599343896e+07,
-3.304972395038466528e+07,
-3.190291753600051254e+07,
-3.079590464441407844e+07,
-2.972730446375172958e+07,
-2.869578409474497288e+07,
-2.770005688935470581e+07,
-2.673888084519805387e+07,
-2.581105705742702261e+07,
-2.491542822087444738e+07,
-2.405087719041281566e+07,
-2.321632558331853151e+07,
-2.241073243704065308e+07,
-2.163309290969435126e+07,
-2.088243702665804327e+07,
-2.015782847127923742e+07,
-1.945836341565320641e+07,
-1.878316939564017206e+07,
-1.813140421959342062e+07,
-1.750225492024574429e+07,
-1.689493674013370275e+07,
-1.630869215110913105e+07,
-1.574278991263032332e+07,
-1.519652415610568412e+07,
-1.466921350726898760e+07,
-1.416020023470689543e+07,
-1.366884942993473075e+07,
-1.319454821559890546e+07,
-1.273670498051340133e+07,
-1.229474864248347469e+07,
-1.186812793519601412e+07,
-1.145631072103508003e+07,
-1.105878332747300528e+07,
-1.067504990582161769e+07,
-1.030463181317969598e+07,
-9.947067015380421653e+06,
-9.601909510410094634e+06,
-9.268728772363316268e+06,
-8.947109214324854314e+06,
-8.636649669990036637e+06,
-8.336962893284006976e+06,
-8.047675075421157293e+06,
-7.768425378424482420e+06,
-7.498865485360931605e+06,
-7.238659165538053960e+06,
-6.987481855382570997e+06,
-6.745020253441773355e+06,
-6.510971929632104933e+06,
-6.285044948119401000e+06,
-6.066957502819347195e+06,
-5.856437566617032513e+06,
-5.653222550924432464e+06,
-5.457058979636544362e+06,
-5.267702171277747490e+06,
-5.084915935393619351e+06,
-4.908472276675284840e+06,
-4.738151111522041261e+06,
-4.573739992820694111e+06,
-4.415033845386921428e+06,
-4.261834709990699776e+06,
-4.113951496504851151e+06,
-3.971199745479216333e+06,
-3.833401398108418100e+06,
-3.700384574152903631e+06,
-3.571983357486823108e+06,
-3.448037589202945586e+06,
-3.328392667792952154e+06,
-3.212899356349573005e+06,
-3.101413596403799485e+06,
-2.993796328200033400e+06,
-2.889913317331435159e+06,
-2.789634987152721733e+06,
-2.692836257448662538e+06,
-2.599396387890222948e+06,
-2.509198828160963953e+06,
-2.422131071814206429e+06,
-2.338084516604249366e+06,
-2.256954328466008417e+06,
-2.178639311236022506e+06,
-2.103041780056572054e+06,
-2.030067439729006495e+06,
-1.959625267051805975e+06,
-1.891627397246937733e+06,
-1.825989014424853725e+06,
-1.762628245738853933e+06,
-1.701466059291047743e+06,
-1.642426165523965377e+06,
-1.585434922142321942e+06,
-1.530421242108121049e+06,
-1.477316505144410301e+06,
-1.426054472014358267e+06,
-1.376571201945911394e+06,
-1.328804972897103289e+06,
-1.282696204535434954e+06,
-1.238187383893009974e+06,
-1.195222993747801986e+06,
-1.153749443251125049e+06,
-1.113715001060666982e+06,
-1.075069731030563824e+06,
-1.037765429624734796e+06,
-1.001755566031756112e+06,
-9.669952239984311163e+05,
-9.334410458341186168e+05,
-9.010511783698683139e+05,
-8.697852206624981482e+05,
-8.396041737227271078e+05,
-8.104703917421605438e+05,
-7.823475352514227852e+05,
-7.552005257001909195e+05,
-7.289955017753676511e+05,
-7.036997771056133788e+05,
-6.792817995329478290e+05,
-6.557111117493290221e+05,
-6.329583132616586518e+05,
-6.109950238088594051e+05,
-5.897938478655562503e+05,
-5.693283405343603808e+05,
-5.495729745344392722e+05,
-5.305031083797574975e+05,
-5.120949556101483759e+05,
-4.943255551572600380e+05,
-4.771727426780854003e+05,
-4.606151229320752318e+05,
-4.446320430635113153e+05,
-4.292035668793956283e+05,
-4.143104499436005717e+05,
-3.999341156022663927e+05,
-3.860566317922124290e+05,
-3.726606886918080854e+05,
-3.597295771131807123e+05,
-3.472471676681828103e+05,
-3.351978906532119145e+05,
-3.235667166219764040e+05,
-3.123391376395169646e+05,
-3.015011491904486902e+05,
-2.910392327096809167e+05,
-2.809403387131198542e+05,
-2.711918705291352817e+05,
-2.617816685853179952e+05,
-2.526979952406968514e+05,
-2.439295201331962890e+05,
-2.354653060695134918e+05,
-2.272947953682942025e+05,
-2.194077966869852098e+05,
-2.117944723272689153e+05,
-2.044453259416137298e+05,
-1.973511907098640222e+05,
-1.905032178920648294e+05,
-1.838928657911327609e+05,
-1.775118891074427811e+05,
-1.713523286454291956e+05,
-1.654065013875033183e+05,
-1.596669909173274355e+05,
-1.541266381597252912e+05,
-1.487785324552111852e+05,
-1.436160029451563896e+05,
-1.386326102374566544e+05,
-1.338221383930898446e+05,
-1.291785871539399232e+05,
-1.246961644728382525e+05,
-1.203692792800122115e+05,
-1.161925345156451076e+05,
-1.121607203934741992e+05,
-1.082688079001787701e+05,
-1.045119425345164927e+05,
-1.008854382351469103e+05,
-9.738477154970697302e+04,
-9.400557598468783544e+04,
-9.074363656285483739e+04,
-8.759488456252128526e+04,
-8.455539244538589264e+04,
-8.162136895794251177e+04,
-7.878915439635506482e+04,
-7.605521605234841991e+04,
-7.341614379642758286e+04,
-7.086864582923293347e+04,
-6.840954457710355928e+04,
-6.603577272374187305e+04,
-6.374436938871966413e+04,
-6.153247643065836019e+04,
-5.939733488748212403e+04,
-5.733628152691174182e+04,
-5.534674553220329835e+04,
-5.342624529306411569e+04,
-5.157238530700108095e+04,
-4.978285319631917082e+04,
-4.805541682087370282e+04,
-4.638792149350319960e+04,
-4.477828729511427082e+04,
-4.322450647787111666e+04,
-4.172464096041119046e+04,
-4.027681991457525146e+04,
-3.887923742541662796e+04,
-3.753015024535307748e+04,
-3.622787561375603400e+04,
-3.497078916305743041e+04,
-3.375732288917203550e+04,
-3.258596319642815070e+04,
-3.145524901152443999e+04,
-3.036376995800817167e+04,
-2.931016460024420667e+04,
-2.829311874111539146e+04,
-2.731136378927850819e+04,
-2.636367516882160999e+04,
-2.544887079791766519e+04,
-2.456580961285424564e+04,
-2.371339014218657394e+04,
-2.289054913706610387e+04,
-2.209626024071923166e+04,
-2.132953271247115117e+04,
-2.058941018767133937e+04,
-1.987496948866321691e+04,
-1.918531947062963081e+04,
-1.851959991099540275e+04,
-1.787698043700103517e+04,
-1.725665948856190516e+04,
-1.665786331992817577e+04,
-1.607984503336520902e+04,
-1.552188364846431432e+04,
-1.498328320225412790e+04,
-1.446337188111723481e+04,
-1.396150118334165018e+04,
-1.347704510960958942e+04,
-1.300939938206190345e+04,
-1.255798069226931148e+04,
-1.212222597012420920e+04,
-1.170159168600357953e+04,
-1.129555316868372029e+04,
-1.090360395378420435e+04,
-1.052525515034903401e+04,
-1.016003483214149674e+04,
-9.807487447990310102e+03,
-9.467173254589135468e+03,
-9.138667767023507622e+03,
-8.821561230053344843e+03,
-8.515458106643303836e+03,
-8.219976584529105821e+03,
-7.934748100320063713e+03,
-7.659416879460456585e+03,
-7.393639492453351522e+03,
-7.137084426848267867e+03,
-6.889431673303094612e+03,
-6.650372326645374415e+03,
-6.419608200578209107e+03,
-6.196851455688796705e+03,
-5.981824240387803911e+03,
-5.774258344385433702e+03,
-5.573894864147699082e+03,
-5.380483879966272980e+03,
-5.193784144119057601e+03,
-5.013562780182095594e+03,
-4.839594992178811481e+03,
-4.671663784702526755e+03,
-4.509559691709958315e+03,
-4.353080515723466306e+03,
-4.202031075177264029e+03,
-4.056222961348354602e+03,
-3.915474303211984534e+03,
-3.779609540357820151e+03,
-3.648459204488864088e+03,
-3.521859707488923505e+03,
-3.399653137895028522e+03,
-3.281687063519319508e+03,
-3.167814341503487867e+03,
-3.057892934820220034e+03,
-2.951785734997802592e+03,
-2.849360391158170387e+03,
-2.750489144871787630e+03,
-2.655048670957023205e+03,
-2.562919923417000064e+03,
-2.473987987191517277e+03,
-2.388141934590149958e+03,
-2.305274687146631095e+03,
-2.225282881907921819e+03,
-2.148066742517451985e+03,
-2.073529954867210108e+03,
-2.001579546841709998e+03,
-1.932125772398129129e+03,
-1.865081999648108876e+03,
-1.800364602767028373e+03,
-1.737892857657237982e+03,
-1.677588841381890916e+03,
-1.619377334758303732e+03,
-1.563185728779096280e+03,
-1.508943933835117377e+03,
-1.456584292423920488e+03,
-1.406041494695291703e+03,
-1.357252497016230336e+03,
-1.310156443308816961e+03,
-1.264694589183092830e+03,
-1.220810228604599160e+03,
-1.178448623230568046e+03,
-1.137556934079011398e+03,
-1.098084155631663180e+03,
-1.059981052261990271e+03,
-1.023200096741910102e+03,
-9.876954110130088793e+02,
-9.534227089545468061e+02,
-9.203392411467604006e+02,
-8.884037415100508497e+02,
-8.575763758879307943e+02,
-8.278186923271891828e+02,
-7.990935731158632507e+02,
-7.713651885124004366e+02,
-7.445989519977377995e+02,
-7.187614772157819516e+02,
-6.938205362424751002e+02,
-6.697450194625563427e+02,
-6.465048967046317330e+02,
-6.240711798350362187e+02,
-6.024158865473493734e+02,
-5.815120055207734140e+02,
-5.613334626695636871e+02,
-5.418550886418776145e+02,
-5.230525874705148226e+02,
-5.049025061533741336e+02,
-4.873822055554865074e+02,
-4.704698320089163985e+02,
-4.541442901979760904e+02,
-4.383852167324081393e+02,
-4.231729548201600437e+02,
-4.084885297219503286e+02,
-3.943136250769600792e+02,
-3.806305600738787689e+02,
-3.674222673857127006e+02,
-3.546722718749911678e+02,
-3.423646700724299876e+02,
-3.304841102987011254e+02,
-3.190157735457202079e+02,
-3.079453549927343374e+02,
-2.972590461331556639e+02,
-2.869435175942467140e+02,
-2.769859024745567240e+02,
-2.673737803139982816e+02,
-2.580951615933348648e+02,
-2.491384727859096699e+02,
-2.404925419122625954e+02,
-2.321465846150001084e+02,
-2.240901906994236299e+02,
-2.163133111510397271e+02,
-2.088062456038435073e+02,
-2.015596302344468711e+02,
-1.945644260891020565e+02,
-1.878119078034284541e+02,
-1.812936527222637437e+02,
-1.750015303917818130e+02,
-1.689276924196638276e+02,
-1.630645626847689584e+02,
-1.574048278838853889e+02,
-1.519414284175894068e+02,
-1.466675495723239067e+02,
-1.415766130356744839e+02,
-1.366622686716788166e+02,
-1.319183866190213905e+02,
-1.273390496315100364e+02,
-1.229185457018342049e+02,
-1.186513609381679544e+02,
-1.145321726816908381e+02,
-1.105558428724406639e+02,
-1.067174116342983723e+02,
-1.030120910952397253e+02,
-9.943525940647727168e+01,
-9.598245498394605590e+01,
-9.264937094118636196e+01,
-8.943184971035456954e+01,
-8.632587787016396419e+01,
-8.332758112142565210e+01,
-8.043321946784917031e+01,
-7.763918254500747196e+01,
-7.494198511507369176e+01,
-7.233826272147136649e+01,
-6.982476749094985280e+01,
-6.739836407926631523e+01,
-6.505602576411550331e+01,
-6.279483066300355887e+01,
-6.061195809247860922e+01,
-5.850468504681855819e+01,
-5.647038279882894329e+01,
-5.450651362333523764e+01,
-5.261062762575429019e+01,
-5.078035968956140067e+01,
-4.901342652008822398e+01,
-4.730762379911706716e+01,
-4.566082342851156284e+01,
-4.407097087938540625e+01,
-4.253608262257282746e+01,
-4.105424365411167997e+01,
-3.962360510506655942e+01,
-3.824238193064107350e+01,
-3.690885068213080444e+01,
-3.562134735325376056e+01,
-3.437826530375296130e+01,
-3.317805324600385575e+01,
-3.201921331429726081e+01,
-3.090029918485902272e+01,
-2.981991427220354751e+01,
-2.877670998042886552e+01,
-2.776938401609997698e+01,
-2.679667875853391479e+01,
-2.585737968556501087e+01,
-2.495031385128543988e+01,
-2.407434841707167905e+01,
-2.322838923112064080e+01,
-2.241137945494558537e+01,
-2.162229823765928316e+01,
-2.086015943249280014e+01,
-2.012401035819856077e+01,
-1.941293059836264234e+01,
-1.872603084379422356e+01,
-1.806245176941277464e+01,
-1.742136295072803875e+01,
-1.680196181195066174e+01,
-1.620347261175886899e+01,
-1.562514545770762631e+01,
-1.506625535355961532e+01,
-1.452610127659625405e+01,
-1.400400528182512794e+01,
-1.349931163496730235e+01,
-1.301138597068207936e+01,
-1.253961447559646913e+01,
-1.208340309557686076e+01,
-1.164217676482371644e+01,
-1.121537865703167469e+01,
-1.080246945683675719e+01,
-1.040292664916627885e+01,
-1.001624382977017369e+01,
-9.641930028466090263e+00,
-9.279509053124764151e+00,
-8.928518844323811265e+00,
-8.588510846833587564e+00,
-8.259049392545046331e+00,
-7.939711094784266621e+00,
-7.630084254590517645e+00,
-7.329768274991243615e+00,
-7.038373084374441646e+00,
-6.755518567346773473e+00,
-6.480834000953210605e+00,
-6.213957496534266767e+00,
-5.954535444609401651e+00,
-5.702221962772370034e+00,
-5.456678344579278139e+00,
-5.217572507896222511e+00,
-4.984578442581286239e+00,
-4.757375654474966353e+00,
-4.535648605455132376e+00,
-4.319086147564979328e+00,
-4.107380949602464248e+00,
-3.900228914678387948e+00,
-3.697328587376538245e+00,
-3.498380547621621428e+00,
-3.303086790758798408e+00,
-3.111150091768891013e+00,
-2.922273349691395516e+00,
-2.736158913846854279e+00,
-2.552507885629362150e+00,
-2.371019397032700926e+00,
-2.191389861278048024e+00,
-2.013312194788182907e+00,
-1.836475006704101798e+00,
-1.660561754942622814e+00,
-1.485249864440300938e+00,
-1.310209806970886515e+00,
-1.135104138439481769e+00,
-9.595864915070054790e-01,
-7.833005215014878786e-01,
-6.058788024639614189e-01,
-4.269416706038094977e-01,
-2.460960145376803743e-01,
-6.293400809773647131e-02,
1.229682148370580819e-01,
3.120519448824329301e-01,
5.047773430148215779e-01,
7.016249477685376768e-01,
9.030972434380351022e-01,
1.109720289813987293e+00,
1.322045410089025097e+00,
1.540650935864072313e+00,
1.766144004850268567e+00,
1.999162405790352759e+00,
2.240376464486836916e+00,
2.490490962252128071e+00,
2.750247076869065221e+00,
3.020424331236169824e+00,
3.301842539215162020e+00,
3.595363724308363373e+00,
3.901893997454763507e+00,
4.222385364455847778e+00,
4.557837439012961234e+00,
4.909299029456622776e+00,
5.277869565339104341e+00,
5.664700325401085479e+00,
6.070995425478620255e+00,
6.498012522005659264e+00,
6.947063181810984034e+00,
7.419512868278389739e+00,
7.916780489374952268e+00,
8.440337457914401043e+00,
8.991706199960695756e+00,
9.572458073191816297e+00,
1.018421062847973957e+01,
1.082862418320589981e+01,
1.150739765957899863e+01,
1.222226366114484364e+01,
1.297498277408425338e+01,
1.376733708613209650e+01,
1.460112294416972212e+01,
1.547814298862123827e+01,
1.640019752378167084e+01,
1.736907531722949116e+01,
1.838654394512224144e+01,
1.945433983471858141e+01,
2.057415818830902055e+01,
2.174764299363795672e+01,
2.297637738178611500e+01,
2.426187458620362492e+01,
2.560556981569136425e+01,
2.700881333447467014e+01,
2.847286510103481660e+01,
2.999889123993968454e+01,
3.158796272281235673e+01,
3.324105646642870937e+01,
3.495905918463748208e+01,
3.674277411200404231e+01,
3.859293081591570029e+01,
4.051019810231424145e+01,
4.249520004636787007e+01,
4.454853501307594854e+01,
4.667079748642404269e+01,
4.886260240457697535e+01,
5.112461163799882513e+01,
5.345756209836819295e+01,
5.586229504339156193e+01,
5.833978583854990774e+01,
6.089117373996548110e+01,
6.351779089484565333e+01,
6.622119003084118560e+01,
6.900317025735915877e+01,
7.186580033977911341e+01,
7.481143909766753097e+01,
7.784275254018454859e+01,
8.096272729104870791e+01,
8.417468061600247609e+01,
8.748226624873846902e+01,
9.088947709009455878e+01,
9.440064387541002588e+01,
9.802043120118476338e+01,
1.017538301979813582e+02,
1.056061493260028925e+02,
1.095830029048426155e+02,
1.136902984891681712e+02,
1.179342234169406254e+02,
1.223212309502528257e+02,
1.268580267462072868e+02,
1.315515561166010912e+02,
1.364089920471941468e+02,
1.414377252522317008e+02,
1.466453555700009019e+02,
1.520396857139402869e+02,
1.576287169676054987e+02,
1.634206477897269849e+02,
1.694238738292839344e+02,
1.756469915476280619e+02,
1.820988030742194610e+02,
1.887883240308126460e+02,
1.957247930154672702e+02,
2.029176834205470357e+02,
2.103767163204884412e+02,
2.181118760344120915e+02,
2.261334256039389174e+02,
2.344519248684966044e+02,
2.430782484813472593e+02,
2.520236051121154048e+02,
2.612995575731409303e+02,
2.709180427808735203e+02,
2.808913928100301405e+02,
2.912323557301024266e+02,
3.019541169079299152e+02,
3.130703206787344470e+02,
3.245950913997400562e+02,
3.365430558152810931e+02,
3.489293646038127577e+02,
3.617697142610967376e+02,
3.750803699885103697e+02,
3.888781875306544862e+02,
4.031806368557824953e+02,
4.180058244199049113e+02,
4.333725180382302256e+02,
4.493001704889858843e+02,
4.658089443015029474e+02,
4.829197376210890411e+02,
5.006542110280673228e+02,
5.190348131633580806e+02,
5.380848101937251613e+02,
5.578283144095981925e+02,
5.782903134289069840e+02,
5.994967025784990255e+02,
6.214743149822251098e+02,
6.442509579029399447e+02,
6.678554435688326976e+02,
6.923176281544234598e+02,
7.176684472442705101e+02,
7.439399545065758730e+02,
7.711653613490605039e+02,
7.993790802931184771e+02,
8.286167635527983748e+02,
8.589153531971178381e+02,
8.903131211511692982e+02,
9.228497232985072287e+02,
9.565662421783036962e+02,
9.915052445739981977e+02,
1.027710831469748655e+03,
1.065228691082374780e+03,
1.104106162915092682e+03,
1.144392287596633651e+03,
1.186137877467403769e+03,
1.229395572210887622e+03,
1.274219910165633337e+03,
1.320667393973245908e+03,
1.368796560898385678e+03,
1.418668057876732973e+03,
1.470344715339033428e+03,
1.523891628354251225e+03,
1.579376233009845237e+03,
1.636868397540055639e+03,
1.696440505311016750e+03,
1.758167542617888785e+03,
1.822127201649644121e+03,
1.888399968775593152e+03,
1.957069226505937195e+03,
2.028221362410670736e+03,
2.101945875856782095e+03,
2.178335479762024079e+03,
2.257486237126724063e+03,
2.339497657406229791e+03,
2.424472838915665761e+03,
2.512518592471282318e+03,
2.603745560955253040e+03,
2.698268393362444840e+03,
2.796205838696743285e+03,
2.897680936137830031e+03,
3.002821157193930958e+03,
3.111758537159099433e+03,
3.224629899100009425e+03,
3.341576953059760854e+03,
3.462746537259817615e+03,
3.588290761612629922e+03,
3.718367206797068320e+03,
3.853139133271984520e+03,
3.992775676645755993e+03,
4.137452039469442752e+03,
4.287349761862948981e+03,
4.442656885369138763e+03,
4.603568232418760999e+03,
4.770285636735369735e+03,
4.943018184614390520e+03,
5.121982502715181909e+03,
5.307402984801962702e+03,
5.499512124477983889e+03,
5.698550771767925653e+03,
5.904768421633149046e+03,
6.118423586859814350e+03,
6.339784042444485749e+03,
6.569127213642335846e+03,
6.806740504329392024e+03,
7.052921658500709782e+03,
7.307979125651281720e+03,
7.572232468570010496e+03,
7.846012716003499918e+03,
8.129662832588335732e+03,
8.423538103422890345e+03,
8.728006619367342864e+03,
9.043449662452783741e+03,
9.370262285531625821e+03,
9.708853707736210708e+03,
1.005964791667929603e+04,
1.042308407849027753e+04,
1.079961724315867104e+04,
1.118971874626199497e+04,
1.159387693965012659e+04,
1.201259771107580673e+04,
1.244640513438992093e+04,
1.289584216896076759e+04,
1.336147124418658314e+04,
1.384387510101290354e+04,
1.434365738644990233e+04,
1.486144340393145649e+04,
1.539788110259276073e+04,
1.595364152461493359e+04,
1.652942015940674173e+04,
1.712593703435127463e+04,
1.774393858327723501e+04,
1.838419779404974906e+04,
1.904751541327634550e+04,
1.973472118535532718e+04,
2.044667461421386542e+04,
2.118426596114339918e+04,
2.194841785721189081e+04,
2.274008555227499528e+04,
2.356025945889107243e+04,
2.440996460350835696e+04,
2.529026388275294448e+04,
2.620225760272218758e+04,
2.714708626512570117e+04,
2.812593079716507782e+04,
2.914001508756670592e+04,
3.019060683110418177e+04,
3.127901925203736391e+04,
3.240661283028479374e+04,
3.357479727163723874e+04,
3.478503223669519502e+04,
3.603883083497860207e+04,
3.733775968246506091e+04,
3.868344249462361040e+04,
4.007756080478048534e+04,
4.152185678302563610e+04,
4.301813543837602629e+04,
4.456826666469058546e+04,
4.617418679097959830e+04,
4.783790351950246986e+04,
4.956149458576184406e+04,
5.134711432924355177e+04,
5.319699325579120341e+04,
5.511344258749809524e+04,
5.709885715888994309e+04,
5.915571656826248363e+04,
6.128659108462498261e+04,
6.349414197531959508e+04,
6.578112792405267828e+04,
6.815040449555119267e+04,
7.060493268174622790e+04,
7.314777671832883789e+04,
7.578211491389111325e+04,
7.851123544521567237e+04,
8.133854942872497486e+04,
8.426758520863932790e+04,
8.730200419247122773e+04,
9.044559396622999338e+04,
9.370228118444736174e+04,
9.707613295874709729e+04,
1.005713632008070272e+05,
1.041923365000254416e+05,
1.079435742642829136e+05,
1.118297617441436159e+05,
1.158557504437464086e+05,
1.200265705815742840e+05,
1.243474259418859292e+05,
1.288237150962487940e+05,
1.334610278331422014e+05,
1.382651501731251483e+05,
1.432420862890084391e+05,
1.483980446222405299e+05,
1.537394685102652584e+05,
1.592730205343381967e+05,
1.650056148120774305e+05,
1.709444063386610069e+05,
1.770968084956201492e+05,
1.834705038944855914e+05,
1.900734491451040085e+05,
1.969138862801411597e+05,
2.040003585108976404e+05,
2.113417085712028493e+05,
2.189471005920128373e+05,
2.268260336819586810e+05,
2.349883371689560008e+05,
2.434442060146284930e+05,
2.522041899085207260e+05,
2.612792298029379162e+05,
2.706806443687067367e+05,
2.804201840687444201e+05,
2.905099843436097144e+05,
3.009626632436928921e+05,
3.117912513029811089e+05,
3.230092694772624527e+05,
3.346307151276134537e+05,
3.466701052890770370e+05,
3.591424609364315402e+05,
3.720633352642297978e+05,
3.854488828274171101e+05,
3.993157771591671044e+05,
4.136813650240229908e+05,
4.285635248989225947e+05,
4.439808861014614813e+05,
4.599526440223144600e+05,
4.764987553503472591e+05,
4.936398697045554291e+05,
5.113973664016394177e+05,
5.297934281124370173e+05,
5.488509827218465507e+05,
5.685938427077647066e+05,
5.890466262104203925e+05,
6.102348689803954912e+05,
6.321850136875840835e+05,
6.549244280476577114e+05,
6.784815335551366443e+05,
7.028856795121603645e+05,
7.281673641935053747e+05,
7.543580825258996338e+05,
7.814905935451614205e+05,
8.095986575175677426e+05,
8.387174445011904463e+05,
8.688832309316302417e+05,
9.001336746799278772e+05,
9.325077660254539223e+05,
9.660459306601610733e+05,
1.000789965955775115e+06,
1.036783283118367312e+06,
1.074070742352083093e+06,
1.112698893188894726e+06,
1.152715973465298070e+06,
1.194171823737583123e+06,
1.237118324316668790e+06,
1.281608597480352269e+06,
1.327699943819742184e+06,
1.375443041762502864e+06,
1.424923397234732984e+06,
1.476104634467556840e+06,
1.529420605556444731e+06,
1.583544449141468387e+06,
1.643789843490555417e+06,
1.690479348246568581e+06,
1.798045735182359582e+06,
1.686578005751435179e+06,
2.410402943721512333e+06,
0.000000000000000000e+00,
