-1.151292546497022862e+01,
-1.149526759028790757e+01,
-1.147760971560558829e+01,
-1.145995184092326902e+01,
-1.144229396624094797e+01,
-1.142463609155862869e+01,
-1.140697821687630764e+01,
-1.138932034219398659e+01,
-1.137166246751166554e+01,
-1.135400459282934627e+01,
-1.133634671814702521e+01,
-1.131868884346470594e+01,
-1.130103096878238489e+01,
-1.128337309410006561e+01,
-1.126571521941774456e+01,
-1.124805734473542529e+01,
-1.123039947005310424e+01,
-1.121274159537078496e+01,
-1.119508372068846391e+01,
-1.117742584600614286e+01,
-1.115976797132382181e+01,
-1.114211009664150254e+01,
-1.112445222195918149e+01,
-1.110679434727686221e+01,
-1.108913647259454116e+01,
-1.107147859791222189e+01,
-1.105382072322990261e+01,
-1.103616284854758156e+01,
-1.101850497386526229e+01,
-1.100084709918294124e+01,
-1.098318922450062196e+01,
-1.096553134981829913e+01,
-1.094787347513597986e+01,
-1.093021560045365881e+01,
-1.091255772577133953e+01,
-1.089489985108901848e+01,
-1.087724197640669921e+01,
-1.085958410172437816e+01,
-1.084192622704205888e+01,
-1.082426835235973783e+01,
-1.080661047767741856e+01,
-1.078895260299509751e+01,
-1.077129472831277823e+01,
-1.075363685363045541e+01,
-1.073597897894813613e+01,
-1.071832110426581508e+01,
-1.070066322958349581e+01,
-1.068300535490117475e+01,
-1.066534748021885548e+01,
-1.064768960553653621e+01,
-1.063003173085421516e+01,
-1.061237385617189588e+01,
-1.059471598148957483e+01,
-1.057705810680725556e+01,
-1.055940023212493450e+01,
-1.054174235744261523e+01,
-1.052408448276029240e+01,
-1.050642660807797313e+01,
-1.048876873339565208e+01,
-1.047111085871333280e+01,
-1.045345298403101175e+01,
-1.043579510934869248e+01,
-1.041813723466637143e+01,
-1.040047935998405215e+01,
-1.038282148530173110e+01,
-1.036516361061941183e+01,
-1.034750573593709078e+01,
-1.032984786125476973e+01,
-1.031218998657244867e+01,
-1.029453211189012940e+01,
-1.027687423720780835e+01,
-1.025921636252548907e+01,
-1.024155848784316980e+01,
-1.022390061316084875e+01,
-1.020624273847852947e+01,
-1.018858486379620842e+01,
-1.017092698911388915e+01,
-1.015326911443156810e+01,
-1.013561123974924882e+01,
-1.011795336506692777e+01,
-1.010029549038460850e+01,
-1.008263761570228567e+01,
-1.006497974101996640e+01,
-1.004732186633764535e+01,
-1.002966399165532607e+01,
-1.001200611697300502e+01,
-9.994348242290685747e+00,
-9.976690367608364696e+00,
-9.959032492926045421e+00,
-9.941374618243726147e+00,
-9.923716743561405096e+00,
-9.906058868879082269e+00,
-9.888400994196762994e+00,
-9.870743119514441943e+00,
-9.853085244832122669e+00,
-9.835427370149803394e+00,
-9.817769495467482344e+00,
-9.800111620785163069e+00,
-9.782453746102842018e+00,
-9.764795871420522744e+00,
-9.747137996738201693e+00,
-9.729480122055882418e+00,
-9.711822247373561368e+00,
-9.694164372691242093e+00,
-9.676506498008921042e+00,
-9.658848623326599991e+00,
-9.641190748644278941e+00,
-9.623532873961959666e+00,
-9.605874999279638615e+00,
-9.588217124597319341e+00,
-9.570559249914998290e+00,
-9.552901375232679015e+00,
-9.535243500550359741e+00,
-9.517585625868038690e+00,
-9.499927751185719416e+00,
-9.482269876503398365e+00,
-9.464612001821075538e+00,
-9.446954127138756263e+00,
-9.429296252456436989e+00,
-9.411638377774115938e+00,
-9.393980503091796663e+00,
-9.376322628409475612e+00,
-9.358664753727156338e+00,
-9.341006879044835287e+00,
-9.323349004362516013e+00,
-9.305691129680194962e+00,
-9.288033254997875687e+00,
-9.270375380315554636e+00,
-9.252717505633235362e+00,
-9.235059630950912535e+00,
-9.217401756268593260e+00,
-9.199743881586272209e+00,
-9.182086006903952935e+00,
-9.164428132221631884e+00,
-9.146770257539312610e+00,
-9.129112382856993335e+00,
-9.111454508174672284e+00,
-9.093796633492353010e+00,
-9.076138758810031959e+00,
-9.058480884127710908e+00,
-9.040823009445391634e+00,
-9.023165134763070583e+00,
-9.005507260080749532e+00,
-8.987849385398430258e+00,
-8.970191510716109207e+00,
-8.952533636033789932e+00,
-8.934875761351468881e+00,
-8.917217886669149607e+00,
-8.899560011986828556e+00,
-8.881902137304509282e+00,
-8.864244262622188231e+00,
-8.846586387939867180e+00,
-8.828928513257547905e+00,
-8.811270638575228631e+00,
-8.793612763892905804e+00,
-8.775954889210586529e+00,
-8.758297014528265478e+00,
-8.740639139845946204e+00,
-8.722981265163626929e+00,
-8.705323390481305879e+00,
-8.687665515798986604e+00,
-8.670007641116665553e+00,
-8.652349766434346279e+00,
-8.634691891752025228e+00,
-8.617034017069704177e+00,
-8.599376142387384903e+00,
-8.581718267705063852e+00,
-8.564060393022742801e+00,
-8.546402518340423526e+00,
-8.528744643658102476e+00,
-8.511086768975783201e+00,
-8.493428894293462150e+00,
-8.475771019611142876e+00,
-8.458113144928821825e+00,
-8.440455270246502550e+00,
-8.422797395564183276e+00,
-8.405139520881860449e+00,
-8.387481646199541174e+00,
-8.369823771517221900e+00,
-8.352165896834899073e+00,
-8.334508022152579798e+00,
-8.316850147470260524e+00,
-8.299192272787939473e+00,
-8.281534398105620198e+00,
-8.263876523423299147e+00,
-8.246218648740979873e+00,
-8.228560774058658822e+00,
-8.210902899376339548e+00,
-8.193245024694018497e+00,
-8.175587150011697446e+00,
-8.157929275329378171e+00,
-8.140271400647057121e+00,
-8.122613525964736070e+00,
-8.104955651282416795e+00,
-8.087297776600095744e+00,
-8.069639901917776470e+00,
-8.051982027235455419e+00,
-8.034324152553136145e+00,
-8.016666277870816870e+00,
-7.999008403188495819e+00,
-7.981350528506174768e+00,
-7.963692653823854606e+00,
-7.946034779141534443e+00,
-7.928376904459213392e+00,
-7.910719029776893230e+00,
-7.893061155094573067e+00,
-7.875403280412252904e+00,
-7.857745405729932742e+00,
-7.840087531047612579e+00,
-7.822429656365293305e+00,
-7.804771781682973142e+00,
-7.787113907000652979e+00,
-7.769456032318331928e+00,
-7.751798157636011766e+00,
-7.734140282953691603e+00,
-7.716482408271370552e+00,
-7.698824533589050390e+00,
-7.681166658906730227e+00,
-7.663508784224410064e+00,
-7.645850909542089902e+00,
-7.628193034859769739e+00,
-7.610535160177449576e+00,
-7.592877285495129414e+00,
-7.575219410812809251e+00,
-7.557561536130488200e+00,
-7.539903661448168037e+00,
-7.522245786765847875e+00,
-7.504587912083527712e+00,
-7.486930037401206661e+00,
-7.469272162718886499e+00,
-7.451614288036566336e+00,
-7.433956413354247061e+00,
-7.416298538671926899e+00,
-7.398640663989606736e+00,
-7.380982789307286573e+00,
-7.363324914624966411e+00,
-7.345667039942646248e+00,
-7.328009165260325197e+00,
-7.310351290578005035e+00,
-7.292693415895684872e+00,
-7.275035541213363821e+00,
-7.257377666531043658e+00,
-7.239719791848723496e+00,
-7.222061917166403333e+00,
-7.204404042484083170e+00,
-7.186746167801763008e+00,
-7.169088293119442845e+00,
-7.151430418437122682e+00,
-7.133772543754802520e+00,
-7.116114669072481469e+00,
-7.098456794390161306e+00,
-7.080798919707842032e+00,
-7.063141045025520093e+00,
-7.045483170343199930e+00,
-7.027825295660879767e+00,
-7.010167420978560493e+00,
-6.992509546296240330e+00,
-6.974851671613920168e+00,
-6.957193796931600005e+00,
-6.939535922249279842e+00,
-6.921878047566959680e+00,
-6.904220172884638629e+00,
-6.886562298202318466e+00,
-6.868904423519998304e+00,
-6.851246548837678141e+00,
-6.833588674155357978e+00,
-6.815930799473036927e+00,
-6.798272924790716765e+00,
-6.780615050108396602e+00,
-6.762957175426076439e+00,
-6.745299300743756277e+00,
-6.727641426061437002e+00,
-6.709983551379115063e+00,
-6.692325676696795789e+00,
-6.674667802014475626e+00,
-6.657009927332155463e+00,
-6.639352052649835301e+00,
-6.621694177967515138e+00,
-6.604036303285194087e+00,
-6.586378428602873925e+00,
-6.568720553920553762e+00,
-6.551062679238233599e+00,
-6.533404804555913437e+00,
-6.515746929873593274e+00,
-6.498089055191272223e+00,
-6.480431180508952060e+00,
-6.462773305826631898e+00,
-6.445115431144311735e+00,
-6.427457556461991572e+00,
-6.409799681779671410e+00,
-6.392141807097350359e+00,
-6.374483932415030196e+00,
-6.356826057732710034e+00,
-6.339168183050389871e+00,
-6.321510308368070596e+00,
-6.303852433685750434e+00,
-6.286194559003428495e+00,
-6.268536684321109220e+00,
-6.250878809638789058e+00,
-6.233220934956468895e+00,
-6.215563060274148732e+00,
-6.197905185591828570e+00,
-6.180247310909507519e+00,
-6.162589436227187356e+00,
-6.144931561544867193e+00,
-6.127273686862547031e+00,
-6.109615812180226868e+00,
-6.091957937497906705e+00,
-6.074300062815585655e+00,
-6.056642188133265492e+00,
-6.038984313450945329e+00,
-6.021326438768625167e+00,
-6.003668564086305004e+00,
-5.986010689403985729e+00,
-5.968352814721663790e+00,
-5.950694940039343628e+00,
-5.933037065357023465e+00,
-5.915379190674704191e+00,
-5.897721315992384028e+00,
-5.880063441310063865e+00,
-5.862405566627743703e+00,
-5.844747691945422652e+00,
-5.827089817263102489e+00,
-5.809431942580782327e+00,
-5.791774067898462164e+00,
-5.774116193216142001e+00,
-5.756458318533821839e+00,
-5.738800443851500788e+00,
-5.721142569169180625e+00,
-5.703484694486860462e+00,
-5.685826819804540300e+00,
-5.668168945122220137e+00,
-5.650511070439899974e+00,
-5.632853195757578924e+00,
-5.615195321075258761e+00,
-5.597537446392938598e+00,
-5.579879571710618436e+00,
-5.562221697028299161e+00,
-5.544563822345978998e+00,
-5.526905947663657059e+00,
-5.509248072981336897e+00,
-5.491590198299017622e+00,
-5.473932323616697460e+00,
-5.456274448934377297e+00,
-5.438616574252057134e+00,
-5.420958699569736083e+00,
-5.403300824887415921e+00,
-5.385642950205095758e+00,
-5.367985075522775595e+00,
-5.350327200840455433e+00,
-5.332669326158135270e+00,
-5.315011451475814219e+00,
-5.297353576793494057e+00,
-5.279695702111173894e+00,
-5.262037827428853731e+00,
-5.244379952746533569e+00,
-5.226722078064213406e+00,
-5.209064203381892355e+00,
-5.191406328699572192e+00,
-5.173748454017252030e+00,
-5.156090579334932755e+00,
-5.138432704652612593e+00,
-5.120774829970292430e+00,
-5.103116955287971379e+00,
-5.085459080605651216e+00,
-5.067801205923331054e+00,
-5.050143331241010891e+00,
-5.032485456558690728e+00,
-5.014827581876370566e+00,
-4.997169707194049515e+00,
-4.979511832511729352e+00,
-4.961853957829409190e+00,
-4.944196083147089027e+00,
-4.926538208464768864e+00,
-4.908880333782448702e+00,
-4.891222459100127651e+00,
-4.873564584417807488e+00,
-4.855906709735487325e+00,
-4.838248835053167163e+00,
-4.820590960370847888e+00,
-4.802933085688526837e+00,
-4.785275211006205787e+00,
-4.767617336323886512e+00,
-4.749959461641566349e+00,
-4.732301586959246187e+00,
-4.714643712276926024e+00,
-4.696985837594605862e+00,
-4.679327962912285699e+00,
-4.661670088229964648e+00,
-4.644012213547644485e+00,
-4.626354338865324323e+00,
-4.608696464183004160e+00,
-4.591038589500683997e+00,
-4.573380714818363835e+00,
-4.555722840136042784e+00,
-4.538064965453722621e+00,
-4.520407090771402459e+00,
-4.502749216089082296e+00,
-4.485091341406762133e+00,
-4.467433466724441971e+00,
-4.449775592042120920e+00,
-4.432117717359801645e+00,
-4.414459842677480594e+00,
-4.396801967995160432e+00,
-4.379144093312841157e+00,
-4.361486218630520995e+00,
-4.343828343948199944e+00,
-4.326170469265879781e+00,
-4.308512594583559618e+00,
-4.290854719901239456e+00,
-4.273196845218919293e+00,
-4.255538970536599130e+00,
-4.237881095854278080e+00,
-4.220223221171957917e+00,
-4.202565346489637754e+00,
-4.184907471807317592e+00,
-4.167249597124997429e+00,
-4.149591722442677266e+00,
-4.131933847760356215e+00,
-4.114275973078036053e+00,
-4.096618098395715890e+00,
-4.078960223713395727e+00,
-4.061302349031075565e+00,
-4.043644474348756290e+00,
-4.025986599666434351e+00,
-4.008328724984115077e+00,
-3.990670850301794470e+00,
-3.973012975619474307e+00,
-3.955355100937154145e+00,
-3.937697226254834426e+00,
-3.920039351572513375e+00,
-3.902381476890193213e+00,
-3.884723602207873050e+00,
-3.867065727525552887e+00,
-3.849407852843232725e+00,
-3.831749978160912562e+00,
-3.814092103478591511e+00,
-3.796434228796271348e+00,
-3.778776354113951186e+00,
-3.761118479431631023e+00,
-3.743460604749311305e+00,
-3.725802730066991142e+00,
-3.708144855384670091e+00,
-3.690486980702349928e+00,
-3.672829106020029766e+00,
-3.655171231337709603e+00,
-3.637513356655389440e+00,
-3.619855481973069278e+00,
-3.602197607290748227e+00,
-3.584539732608428064e+00,
-3.566881857926107902e+00,
-3.549223983243788183e+00,
-3.531566108561468020e+00,
-3.513908233879147858e+00,
-3.496250359196827695e+00,
-3.478592484514506644e+00,
-3.460934609832186482e+00,
-3.443276735149866319e+00,
-3.425618860467546156e+00,
-3.407960985785225994e+00,
-3.390303111102906275e+00,
-3.372645236420584780e+00,
-3.354987361738264617e+00,
-3.337329487055944899e+00,
-3.319671612373624736e+00,
-3.302013737691304573e+00,
-3.284355863008984411e+00,
-3.266697988326663360e+00,
-3.249040113644343197e+00,
-3.231382238962023035e+00,
-3.213724364279702872e+00,
-3.196066489597383153e+00,
-3.178408614915062991e+00,
-3.160750740232741496e+00,
-3.143092865550421777e+00,
-3.125434990868101615e+00,
-3.107777116185781452e+00,
-3.090119241503461289e+00,
-3.072461366821141127e+00,
-3.054803492138820076e+00,
-3.037145617456499913e+00,
-3.019487742774179750e+00,
-3.001829868091860032e+00,
-2.984171993409539869e+00,
-2.966514118727219707e+00,
-2.948856244044898656e+00,
-2.931198369362578493e+00,
-2.913540494680258330e+00,
-2.895882619997938168e+00,
-2.878224745315618005e+00,
-2.860566870633297842e+00,
-2.842908995950976792e+00,
-2.825251121268656629e+00,
-2.807593246586336910e+00,
-2.789935371904016748e+00,
-2.772277497221696585e+00,
-2.754619622539376422e+00,
-2.736961747857055371e+00,
-2.719303873174735209e+00,
-2.701645998492415046e+00,
-2.683988123810094883e+00,
-2.666330249127774721e+00,
-2.648672374445454558e+00,
-2.631014499763133507e+00,
-2.613356625080813345e+00,
-2.595698750398493182e+00,
-2.578040875716173463e+00,
-2.560383001033853301e+00,
-2.542725126351533138e+00,
-2.525067251669212087e+00,
-2.507409376986891925e+00,
-2.489751502304571762e+00,
-2.472093627622251599e+00,
-2.454435752939931881e+00,
-2.436777878257611274e+00,
-2.419120003575291555e+00,
-2.401462128892970060e+00,
-2.383804254210650342e+00,
-2.366146379528330179e+00,
-2.348488504846010017e+00,
-2.330830630163689854e+00,
-2.313172755481369691e+00,
-2.295514880799048640e+00,
-2.277857006116728478e+00,
-2.260199131434408315e+00,
-2.242541256752088596e+00,
-2.224883382069768434e+00,
-2.207225507387448271e+00,
-2.189567632705128108e+00,
-2.171909758022807946e+00,
-2.154251883340487783e+00,
-2.136594008658165844e+00,
-2.118936133975845681e+00,
-2.101278259293525519e+00,
-2.083620384611205356e+00,
-2.065962509928885193e+00,
-2.048304635246565475e+00,
-2.030646760564245312e+00,
-2.012988885881925150e+00,
-1.995331011199604987e+00,
-1.977673136517284824e+00,
-1.960015261834964662e+00,
-1.942357387152644721e+00,
-1.924699512470322560e+00,
-1.907041637788002397e+00,
-1.889383763105682457e+00,
-1.871725888423362294e+00,
-1.854068013741042131e+00,
-1.836410139058721969e+00,
-1.818752264376401806e+00,
-1.801094389694081865e+00,
-1.783436515011761703e+00,
-1.765778640329441540e+00,
-1.748120765647121377e+00,
-1.730462890964801437e+00,
-1.712805016282479276e+00,
-1.695147141600159113e+00,
-1.677489266917838950e+00,
-1.659831392235519010e+00,
-1.642173517553198847e+00,
-1.624515642870878906e+00,
-1.606857768188558744e+00,
-1.589199893506238581e+00,
-1.571542018823918418e+00,
-1.553884144141598478e+00,
-1.536226269459278315e+00,
-1.518568394776958153e+00,
-1.500910520094635991e+00,
-1.483252645412316051e+00,
-1.465594770729995888e+00,
-1.447936896047675726e+00,
-1.430279021365355563e+00,
-1.412621146683035622e+00,
-1.394963272000715460e+00,
-1.377305397318395297e+00,
-1.359647522636075356e+00,
-1.341989647953755194e+00,
-1.324331773271435031e+00,
-1.306673898589114868e+00,
-1.289016023906794928e+00,
-1.271358149224472767e+00,
-1.253700274542152604e+00,
-1.236042399859832441e+00,
-1.218384525177512501e+00,
-1.200726650495192338e+00,
-1.183068775812872175e+00,
-1.165410901130552013e+00,
-1.147753026448231850e+00,
-1.130095151765911909e+00,
-1.112437277083591747e+00,
-1.094779402401271806e+00,
-1.077121527718951643e+00,
-1.059463653036629482e+00,
-1.041805778354309320e+00,
-1.024147903671989379e+00,
-1.006490028989669216e+00,
-9.888321543073490538e-01,
-9.711742796250288912e-01,
-9.535164049427089505e-01,
-9.358585302603886769e-01,
-9.182006555780686252e-01,
-9.005427808957485736e-01,
-8.828849062134284109e-01,
-8.652270315311083593e-01,
-8.475691568487861982e-01,
-8.299112821664661466e-01,
-8.122534074841459839e-01,
-7.945955328018259323e-01,
-7.769376581195058806e-01,
-7.592797834371857180e-01,
-7.416219087548655553e-01,
-7.239640340725455037e-01,
-7.063061593902254520e-01,
-6.886482847079054004e-01,
-6.709904100255851267e-01,
-6.533325353432650751e-01,
-6.356746606609430250e-01,
-6.180167859786228624e-01,
-6.003589112963026997e-01,
-5.827010366139826480e-01,
-5.650431619316625964e-01,
-5.473852872493424337e-01,
-5.297274125670223821e-01,
-5.120695378847023305e-01,
-4.944116632023822233e-01,
-4.767537885200620607e-01,
-4.590959138377420090e-01,
-4.414380391554219019e-01,
-4.237801644730996853e-01,
-4.061222897907796336e-01,
-3.884644151084596375e-01,
-3.708065404261394749e-01,
-3.531486657438193677e-01,
-3.354907910614993161e-01,
-3.178329163791792089e-01,
-3.001750416968589907e-01,
-2.825171670145389391e-01,
-2.648592923322188875e-01,
-2.472014176498987525e-01,
-2.295435429675786176e-01,
-2.118856682852586215e-01,
-1.942277936029364049e-01,
-1.765699189206163255e-01,
-1.589120442382962461e-01,
-1.412541695559761390e-01,
-1.235962948736560596e-01,
-1.059384201913358692e-01,
-8.828054550901583142e-02,
-7.062267082669566876e-02,
-5.296479614437563793e-02,
-3.530692146205553772e-02,
-1.764904677973539587e-02,
8.827902584613117024e-06,
1.766670258490679948e-02,
3.532457726722692398e-02,
5.298245194954707277e-02,
7.064032663186703420e-02,
8.829820131418714135e-02,
1.059560759965072624e-01,
1.236139506788273279e-01,
1.412718253611475183e-01,
1.589297000434676532e-01,
1.765875747257876771e-01,
1.942454494081077843e-01,
2.119033240904278359e-01,
2.295611987727500247e-01,
2.472190734550701874e-01,
2.648769481373903223e-01,
2.825348228197103739e-01,
3.001926975020304811e-01,
3.178505721843505327e-01,
3.355084468666706954e-01,
3.531663215489906915e-01,
3.708241962313109097e-01,
3.884820709136308503e-01,
4.061399455959511240e-01,
4.237978202782711201e-01,
4.414556949605932812e-01,
4.591135696429134438e-01,
4.767714443252335510e-01,
4.944293190075535471e-01,
5.120871936898737653e-01,
5.297450683721937059e-01,
5.474029430545138686e-01,
5.650608177368339202e-01,
5.827186924191540829e-01,
6.003765671014741345e-01,
6.180344417837942972e-01,
6.356923164661143488e-01,
6.533501911484365099e-01,
6.710080658307565615e-01,
6.886659405130767242e-01,
7.063238151953967758e-01,
7.239816898777170495e-01,
7.416395645600371012e-01,
7.592974392423571528e-01,
7.769553139246773155e-01,
7.946131886069973671e-01,
8.122710632893174187e-01,
8.299289379716374704e-01,
8.475868126539576330e-01,
8.652446873362796831e-01,
8.829025620185997347e-01,
9.005604367009198974e-01,
9.182183113832399490e-01,
9.358761860655602227e-01,
9.535340607478802744e-01,
9.711919354302003260e-01,
9.888498101125204887e-01,
1.006507684794840429e+00,
1.024165559477160592e+00,
1.041823434159480755e+00,
1.059481308841800695e+00,
1.077139183524120858e+00,
1.094797058206443019e+00,
1.112454932888763182e+00,
1.130112807571083344e+00,
1.147770682253403507e+00,
1.165428556935723448e+00,
1.183086431618043610e+00,
1.200744306300363773e+00,
1.218402180982683713e+00,
1.236060055665003876e+00,
1.253717930347324039e+00,
1.271375805029643979e+00,
1.289033679711964142e+00,
1.306691554394286303e+00,
1.324349429076606466e+00,
1.342007303758926628e+00,
1.359665178441246569e+00,
1.377323053123566732e+00,
1.394980927805886672e+00,
1.412638802488206835e+00,
1.430296677170526998e+00,
1.447954551852847160e+00,
1.465612426535167323e+00,
1.483270301217487264e+00,
1.500928175899807426e+00,
1.518586050582129587e+00,
1.536243925264449750e+00,
1.553901799946769691e+00,
1.571559674629089853e+00,
1.589217549311410016e+00,
1.606875423993729957e+00,
1.624533298676050119e+00,
1.642191173358370282e+00,
1.659849048040690445e+00,
1.677506922723010385e+00,
1.695164797405330548e+00,
1.712822672087650711e+00,
1.730480546769972872e+00,
1.748138421452292812e+00,
1.765796296134612975e+00,
1.783454170816933138e+00,
1.801112045499253300e+00,
1.818769920181573241e+00,
1.836427794863893403e+00,
1.854085669546213344e+00,
1.871743544228533507e+00,
1.889401418910853669e+00,
1.907059293593173832e+00,
1.924717168275493773e+00,
1.942375042957815934e+00,
1.960032917640136096e+00,
1.977690792322456259e+00,
1.995348667004776422e+00,
2.013006541687096362e+00,
2.030664416369416525e+00,
2.048322291051736688e+00,
2.065980165734056850e+00,
2.083638040416376569e+00,
2.101295915098697176e+00,
2.118953789781016894e+00,
2.136611664463337057e+00,
2.154269539145657220e+00,
2.171927413827979159e+00,
2.189585288510299765e+00,
2.207243163192619484e+00,
2.224901037874939647e+00,
2.242558912557259809e+00,
2.260216787239579972e+00,
2.277874661921899690e+00,
2.295532536604220297e+00,
2.313190411286540460e+00,
2.330848285968860178e+00,
2.348506160651180341e+00,
2.366164035333500504e+00,
2.383821910015822443e+00,
2.401479784698142605e+00,
2.419137659380462768e+00,
2.436795534062782931e+00,
2.454453408745103093e+00,
2.472111283427423256e+00,
2.489769158109742975e+00,
2.507427032792063137e+00,
2.525084907474383300e+00,
2.542742782156703463e+00,
2.560400656839023625e+00,
2.578058531521343788e+00,
2.595716406203665727e+00,
2.613374280885985890e+00,
2.631032155568306052e+00,
2.648690030250626215e+00,
2.666347904932946378e+00,
2.684005779615266540e+00,
2.701663654297586703e+00,
2.719321528979906422e+00,
2.736979403662226584e+00,
2.754637278344546747e+00,
2.772295153026866910e+00,
2.789953027709187072e+00,
2.807610902391509011e+00,
2.825268777073829174e+00,
2.842926651756149337e+00,
2.860584526438469499e+00,
2.878242401120789662e+00,
2.895900275803109380e+00,
2.913558150485429543e+00,
2.931216025167749706e+00,
2.948873899850069868e+00,
2.966531774532390031e+00,
2.984189649214710194e+00,
3.001847523897030356e+00,
3.019505398579352295e+00,
3.037163273261672458e+00,
3.054821147943992621e+00,
3.072479022626312783e+00,
3.090136897308632502e+00,
3.107794771990952665e+00,
3.125452646673272827e+00,
3.143110521355592990e+00,
3.160768396037913153e+00,
3.178426270720233315e+00,
3.196084145402553478e+00,
3.213742020084873641e+00,
3.231399894767193359e+00,
3.249057769449515742e+00,
3.266715644131835905e+00,
3.284373518814156068e+00,
3.302031393496475786e+00,
3.319689268178795949e+00,
3.337347142861116112e+00,
3.355005017543436274e+00,
3.372662892225756437e+00,
3.390320766908076600e+00,
3.407978641590396762e+00,
3.425636516272716481e+00,
3.443294390955036643e+00,
3.460952265637359027e+00,
3.478610140319679189e+00,
3.496268015001998908e+00,
3.513925889684319070e+00,
3.531583764366639233e+00,
3.549241639048959396e+00,
3.566899513731279558e+00,
3.584557388413599721e+00,
3.602215263095919440e+00,
3.619873137778239602e+00,
3.637531012460559765e+00,
3.655188887142879928e+00,
3.672846761825202311e+00,
3.690504636507522029e+00,
3.708162511189842192e+00,
3.725820385872162355e+00,
3.743478260554482517e+00,
3.761136135236802680e+00,
3.778794009919122843e+00,
3.796451884601442561e+00,
3.814109759283763168e+00,
3.831767633966082887e+00,
3.849425508648403049e+00,
3.867083383330723212e+00,
3.884741258013045595e+00,
3.902399132695365314e+00,
3.920057007377685476e+00,
3.937714882060005639e+00,
3.955372756742325802e+00,
3.973030631424645964e+00,
3.990688506106966127e+00,
4.008346380789285845e+00,
4.026004255471606008e+00,
4.043662130153926171e+00,
4.061320004836246333e+00,
4.078977879518566496e+00,
4.096635754200888435e+00,
4.114293628883208598e+00,
4.131951503565528760e+00,
4.149609378247848923e+00,
4.167267252930169086e+00,
4.184925127612489248e+00,
4.202583002294809411e+00,
4.220240876977129574e+00,
4.237898751659449736e+00,
4.255556626341769899e+00,
4.273214501024089174e+00,
4.290872375706409336e+00,
4.308530250388732163e+00,
4.326188125071052326e+00,
4.343845999753371601e+00,
4.361503874435691763e+00,
4.379161749118011926e+00,
4.396819623800332089e+00,
4.414477498482652251e+00,
4.432135373164972414e+00,
4.449793247847292577e+00,
4.467451122529612739e+00,
4.485108997211932902e+00,
4.502766871894253065e+00,
4.520424746576573227e+00,
4.538082621258895166e+00,
4.555740495941215329e+00,
4.573398370623535492e+00,
4.591056245305855654e+00,
4.608714119988175817e+00,
4.626371994670495980e+00,
4.644029869352816142e+00,
4.661687744035135417e+00,
4.679345618717455579e+00,
4.697003493399775742e+00,
4.714661368082095905e+00,
4.732319242764416067e+00,
4.749977117446738895e+00,
4.767634992129058169e+00,
4.785292866811378332e+00,
4.802950741493698494e+00,
4.820608616176018657e+00,
4.838266490858338820e+00,
4.855924365540658982e+00,
4.873582240222979145e+00,
4.891240114905299308e+00,
4.908897989587619470e+00,
4.926555864269939633e+00,
4.944213738952259796e+00,
4.961871613634581735e+00,
4.979529488316901897e+00,
4.997187362999222060e+00,
5.014845237681542223e+00,
5.032503112363862385e+00,
5.050160987046182548e+00,
5.067818861728501822e+00,
5.085476736410821985e+00,
5.103134611093142148e+00,
5.120792485775462310e+00,
5.138450360457782473e+00,
5.156108235140102636e+00,
5.173766109822424575e+00,
5.191423984504744737e+00,
5.209081859187064900e+00,
5.226739733869385063e+00,
5.244397608551705225e+00,
5.262055483234025388e+00,
5.279713357916345551e+00,
5.297371232598665713e+00,
5.315029107280985876e+00,
5.332686981963306039e+00,
5.350344856645626201e+00,
5.368002731327946364e+00,
5.385660606010268303e+00,
5.403318480692588466e+00,
5.420976355374908628e+00,
5.438634230057228791e+00,
5.456292104739548066e+00,
5.473949979421868228e+00,
5.491607854104188391e+00,
5.509265728786508554e+00,
5.526923603468828716e+00,
5.544581478151148879e+00,
5.562239352833469042e+00,
5.579897227515789204e+00,
5.597555102198109367e+00,
5.615212976880431306e+00,
5.632870851562751469e+00,
5.650528726245071631e+00,
5.668186600927391794e+00,
5.685844475609711957e+00,
5.703502350292032119e+00,
5.721160224974352282e+00,
5.738818099656672445e+00,
5.756475974338992607e+00,
5.774133849021311882e+00,
5.791791723703632933e+00,
5.809449598385952207e+00,
5.827107473068275034e+00,
5.844765347750594309e+00,
5.862423222432914471e+00,
5.880081097115234634e+00,
5.897738971797554797e+00,
5.915396846479874959e+00,
5.933054721162195122e+00,
5.950712595844515285e+00,
5.968370470526835447e+00,
5.986028345209155610e+00,
6.003686219891475773e+00,
6.021344094573795935e+00,
6.039001969256117874e+00,
6.056659843938438037e+00,
6.074317718620758200e+00,
6.091975593303078362e+00,
6.109633467985398525e+00,
6.127291342667718688e+00,
6.144949217350038850e+00,
6.162607092032359013e+00,
6.180264966714679176e+00,
6.197922841396998450e+00,
6.215580716079318613e+00,
6.233238590761638775e+00,
6.250896465443961603e+00,
6.268554340126280877e+00,
6.286212214808601040e+00,
6.303870089490921202e+00,
6.321527964173241365e+00,
6.339185838855561528e+00,
6.356843713537881690e+00,
6.374501588220201853e+00,
6.392159462902522016e+00,
6.409817337584842178e+00,
6.427475212267162341e+00,
6.445133086949482504e+00,
6.462790961631804443e+00,
6.480448836314124605e+00,
6.498106710996444768e+00,
6.515764585678764931e+00,
6.533422460361085093e+00,
6.551080335043405256e+00,
